date:2026-02-11
daily_loss:6.68
daily_profit:37.12000000000001
consecutive_losses:0
total_loss:0
saved_at:2026-02-11T18:23:41.105395+07:00
